48.513197
89.055948
64.010052
33.081562
88.790592
59.958213
55.969748
48.011597
18.570381
47.191475
96.138540
65.095929
5.251205
11.915475
24.447883
93.248011
29.406637
63.515160
84.923595
98.855170
72.104281
51.836918
42.079743
74.838596
89.163502
79.896294
70.905110
31.382051
54.533161
95.709835
82.397147
90.114065
65.479912
68.145190
60.807624
97.943534
15.520363
47.188166
86.873517
86.059569
3.030323
66.949802
50.341735
5.162807
40.311668
48.812619
77.212105
80.695556
33.345680
19.596077
96.106548
47.371360
39.318669
74.701657
1.772119
41.818018
3.325775
95.206955
17.494131
14.547677
61.602168
9.862274
29.007437
77.370780
54.448696
23.625805
74.391170
40.313931
82.645094
23.709511
23.789954
90.055276
57.604915
52.089592
25.403647
41.126216
89.196714
87.879764
35.856643
69.676332
72.204675
49.435048
80.457380
46.867189
2.542708
0.090688
0.679559
32.824343
41.147345
8.176228
99.240862
24.090892
27.181261
55.241056
52.288092
40.709131
84.239847
22.221227
46.009048
54.369869
75.975250
97.941677
41.347316
75.994201
3.092358
57.829656
86.528744
63.957280
18.401117
6.963680
63.772048
16.877085
67.176921
79.149416
43.799342
30.671469
23.495956
71.111380
67.761679
33.046392
86.659307
22.423577
87.150802
3.311236
72.750762
53.044683
13.992957
99.167815
48.890037
25.162528
75.117299
85.346990
97.177185
76.728336
26.586097
22.606744
62.654768
36.956254
26.260495
62.231200
75.979248
75.175408
29.428493
98.527951
54.226915
84.890599
15.064889
86.124137
35.230075
13.875983
89.701517
47.378437
30.556562
25.364734
45.164595
10.330042
0.198519
73.467487
50.159904
36.302296
96.412420
25.686214
44.184944
35.171906
27.336434
54.116637
80.057691
26.088288
72.558005
69.734895
74.635351
0.601879
84.948041
36.377954
71.743838
64.147351
48.071992
1.797011
50.847102
74.087152
25.046465
70.353839
23.750580
37.933593
98.776744
66.680954
87.008061
50.082697
41.097537
22.385444
60.827270
94.513753
55.531104
73.871822
39.852952
42.345960
68.725613
77.936241
31.424628
41.120490
33.980466
33.061206
92.419230
81.215883
24.923787
1.297853
59.193706
14.276116
7.214235
1.066354
84.827702
26.203983
81.845475
35.601686
21.676330
10.880617
26.726216
91.719161
73.129079
79.002066
63.897922
29.376496
82.453652
95.852574
19.797907
17.208894
4.993046
5.764576
87.276658
55.489947
41.230851
14.014551
81.818813
29.399987
24.264859
4.002185
67.665063
56.005141
36.195224
58.005527
63.512549
62.563154
4.306089
44.885839
1.899314
42.400641
38.269440
32.896996
91.080509
47.524478
40.318523
55.393051
59.389496
81.621444
92.575553
79.804400
43.890112
38.205177
57.680108
52.556231
43.631487
4.068750
59.436738
89.625067
67.544173
28.063585
80.478850
98.651916
68.255889
21.177893
79.586537
99.238425
76.405233
92.966029
76.969696
89.316544
61.958326
67.728681
18.124723
28.153495
57.751879
76.268407
66.528453
70.255718
37.318998
61.836763
78.342564
6.884862
40.549611
57.646779
80.146700
27.276242
94.508862
84.993765
47.740693
88.599957
82.371837
12.469224
62.240011
87.120665
93.354021
5.179005
50.762702
86.527237
43.781143
61.226976
18.377477
47.127198
58.632116
22.656056
98.201555
86.656230
42.089560
35.654119
80.488943
48.674006
25.754620
24.178312
39.826970
12.685094
88.286099
57.396047
54.149139
91.911342
28.293376
6.993109
64.999399
14.990433
60.511949
28.274559
4.911513
68.380348
23.359400
92.838500
34.265738
42.515452
57.737169
10.713256
52.524674
33.237889
83.339190
69.399844
45.906804
8.019631
81.056996
41.538008
23.487004
21.271134
99.153043
2.645232
42.323509
55.769485
69.084733
89.235340
0.274379
30.158012
3.840997
68.291773
46.008680
63.075722
49.269306
35.496575
51.006105
34.826975
27.660502
40.008207
90.003140
88.525426
51.737171
3.818790
1.847603
10.521071
72.836702
91.507291
11.466138
72.097554
5.605555
10.098244
79.131565
26.732282
2.859204
2.037479
43.937632
68.294643
39.867740
4.254749
2.973969
27.515964
23.947628
76.712173
50.375317
1.122176
56.349465
58.078674
5.116888
64.074954
42.764434
89.027699
56.369819
23.434819
14.436329
63.311049
74.346981
51.129760
76.470811
28.114952
36.972085
77.317103
76.537410
28.628185
65.750649
30.132462
86.174061
61.784006
65.118887
48.574830
82.197711
54.517112
16.471886
87.644365
0.982275
79.266131
41.993244
11.534660
35.607382
77.468569
10.022535
92.761882
1.303518
23.533060
50.403235
46.309294
99.461963
72.584947
87.352465
34.206212
67.261896
88.884264
55.556149
20.746444
92.750801
30.757265
33.446950
30.625918
46.352835
77.599232
57.433644
59.900182
27.750542
88.808324
84.659342
76.362153
33.476574
79.407953
24.183289
35.075495
51.193417
33.234303
5.297401
14.314303
86.914250
73.317667
60.231197
99.121326
56.133846
7.786923
61.504827
87.028144
0.101328
1.122964
33.046789
90.735752
23.608016
27.363104
21.184160
55.101694
5.234457
59.736266
6.187762
55.938497
42.638824
94.343405
26.262879
87.523661
5.831206
30.743465
80.400772
10.307721
85.934659
73.571821
75.714860
39.863648
99.673432
51.303282
8.838650
70.872397
36.246254
22.997087
15.262048
80.922523
28.102282
64.207564
5.695632
32.912638
65.326351
83.343371
98.431996
49.036249
81.233615
14.114431
81.473467
26.489522
13.629305
58.328754
76.340938
27.066198
78.839860
89.359424
7.545825
45.341285
91.510030
85.045704
40.259558
34.252429
62.119734
45.699292
65.428914
30.638567
2.472840
74.332238
65.370624
70.083162
31.590258
2.263994
19.246523
49.683257
60.271723
53.810147
27.197901
51.353690
75.705840
82.680268
64.591899
92.657583
47.398515
32.044650
54.364264
9.771079
11.203535
27.175835
69.637191
66.726816
49.796326
47.249951
84.600652
58.241178
86.986540
94.700311
10.273501
7.909405
3.125526
6.621824
97.409310
71.537022
84.995310
68.795822
67.912116
96.031538
82.496636
46.886028
84.511579
79.301816
54.713021
91.525356
87.467016
22.809003
11.315213
12.429550
97.295013
77.567760
4.352767
87.726158
56.421573
4.215849
80.331825
69.939179
4.439668
12.833474
22.412740
74.216218
59.301310
23.454743
9.697780
14.788899
62.906073
16.533384
6.201273
56.859201
47.201536
82.544176
46.640917
51.625356
60.945066
17.840315
82.985225
14.858881
16.367976
42.122978
52.051219
40.521934
64.104339
18.609466
69.701535
0.213319
7.910941
93.074032
52.934782
34.315393
47.056895
90.162912
41.435156
5.562844
2.413473
92.646430
30.624673
32.610025
35.098581
63.938080
28.020291
80.501744
21.771452
94.812734
39.948531
79.078938
66.270947
62.508020
11.825051
82.655500
84.609930
93.438149
32.818505
85.663916
19.325178
86.154713
25.053799
50.592242
16.293252
30.332005
58.249601
7.083432
38.225497
58.822870
92.360867
63.367468
4.606679
95.092130
45.201663
41.784730
95.258951
56.525646
39.245534
23.429055
46.038441
87.898962
0.668073
88.694377
46.040668
51.508366
2.829243
45.007217
25.223075
93.097292
74.127787
13.417127
1.792215
20.337628
53.785263
15.336861
95.801296
67.543749
81.838885
16.596565
97.203505
37.907451
50.478876
99.578875
4.785110
55.341376
69.421353
25.806087
66.935337
74.196926
15.358555
80.878437
36.855364
98.317533
57.499794
73.893819
10.578465
24.945910
45.046248
25.808838
20.949592
48.512242
78.847055
38.833382
40.261127
47.073139
35.481348
64.395999
98.923748
82.478234
82.435950
32.795899
36.958005
91.483351
11.653538
39.686125
9.077610
21.484176
55.952707
82.167562
6.049182
82.264698
19.664483
23.472862
63.818118
95.977163
18.039287
74.067820
43.069692
40.304519
11.289409
76.068232
97.687080
86.296126
89.279526
82.199752
89.303535
16.262121
59.100265
13.764846
37.188014
99.544019
6.377582
62.828109
29.705103
53.652397
67.611817
58.512481
10.459226
93.163270
23.154619
99.560984
95.160928
97.980351
3.977828
19.515563
78.733834
15.707650
75.688151
31.406316
83.310171
29.063400
95.893705
9.244003
14.280736
25.934051
70.564538
0.348567
26.581010
40.055865
29.024721
16.240561
55.163381
51.588460
55.003374
96.425163
45.481234
31.005190
77.919594
93.582312
71.898601
55.413538
65.717275
59.898665
38.670413
72.660673
46.069400
96.209419
5.401096
14.388362
35.783372
64.005642
44.771626
88.013130
30.095000
94.371805
90.238696
37.371456
61.590184
46.853749
31.417802
40.866996
74.131641
0.573935
82.883256
59.467049
8.749845
97.092834
16.120775
60.577668
48.011075
86.551358
17.510843
49.083048
0.238053
68.992136
72.843741
72.172795
7.653524
11.459566
15.278183
63.516948
42.422698
16.376946
67.093388
25.280404
94.107831
45.214090
52.845121
11.935251
65.810384
2.627214
22.005073
0.170846
70.542748
75.793085
13.760872
5.561037
4.889347
72.418680
33.813804
81.073064
29.156096
48.961420
72.589134
28.821733
48.064000
82.336077
41.949976
96.431272
36.388773
74.809317
14.089187
11.742047
36.115666
52.157305
85.596275
79.936957
73.285064
86.005638
40.044043
46.831186
77.510970
56.701568
48.835840
6.098699
48.133843
62.959373
74.763150
7.157096
77.343104
28.245837
75.611922
81.061105
0.349001
25.978758
61.873380
71.946270
32.723481
66.165421
62.007195
95.967827
38.286229
29.845618
66.982403
94.013425
36.021443
56.722288
99.964694
86.955917
63.476431
23.849894
76.488385
21.043915
0.008616
81.173543
5.489821
31.443887
55.986520
2.835108
0.829326
31.046463
78.898364
22.315900
99.995172
13.683058
45.177831
64.476586
56.752623
42.028578
78.779770
9.085931
47.814268
56.546400
17.045514
44.070893
13.848434
43.780414
95.794341
43.406665
5.760745
90.991321
92.097645
93.905526
73.756639
10.833418
92.100307
38.612217
68.882052
50.315403
53.125003
18.579958
28.618637
56.055132
85.321224
93.211247
18.031222
20.609910
54.965908
39.390369
55.536052
91.946353
47.429476
44.230401
15.908518
72.411610
64.246165
18.626240
85.544473
11.790620
14.120071
73.654074
98.132688
18.646787
33.490541
38.426490
16.362909
27.241258
75.477288
61.072706
16.965996
46.291365
11.445970
99.985338
31.381575
78.262769
45.724858
31.059816
89.480063
43.748069
56.427650
50.503852
35.147176
59.260740
80.831841
70.288507
48.728581
34.775352
10.083792
49.254378
38.420226
43.384048
60.158940
65.883688
67.620922
35.486169
88.610817
71.561256
17.265313
86.633952
6.416455
69.646580
13.982678
8.490543
34.398168
7.874549
32.840956
31.731824
99.980065
69.828229
0.517222
15.323270
22.663545
49.134035
80.527265
12.426992
85.000744
11.538766
8.701494
79.056479
48.241513
66.478360
93.792290
25.710086
62.716065
40.992986
5.250336
80.679467
73.082932
5.674362
73.901480
26.860654
67.768388
84.670299
29.068082
9.433286
89.632720
76.191716
91.829838
36.734633
54.124773
92.043464
95.471179
75.899057
82.253521
94.307421
38.169480
19.609565
77.983639
42.237424
10.681113
92.942504
14.056657
24.096053
94.819917
91.230797
0.117212
66.526885
28.747634
71.350892
37.941603
4.711420
4.175234
76.746381
71.827624
59.560785
77.616545
27.774732
16.679462
56.451168
25.972736
56.252167
69.885435
93.359900
92.907134
15.544715
40.843093
34.935807
56.160122
20.146179
13.714989
20.959446
49.969769
39.005854
17.564426
41.542296
47.660235
5.575817
43.030497
71.525083
19.098297
83.947277
2.180678
17.788650
56.321933
66.968438
1.782264
16.349264
46.454959
83.271589
16.192195
80.585892
48.438991
85.760770
7.150281
78.610294
50.077929
37.538828
98.886414
64.530666
9.435193
90.316669
19.665543
30.323866
7.778399
38.623114
41.030301
65.916460
62.611640
80.454459
94.735652
13.916697
82.988624
59.962552
46.124507
40.017686
29.644979
90.512074
21.649351
47.412942
67.208775
99.742900
38.004469
46.120827
46.187415
43.424844
30.310793
52.448553
39.692373
5.401820
21.598286
55.014806
52.104877
53.814365
80.956634
96.001816
83.205764
2.924592
20.397527
46.860624
24.960695
0.356177
45.686169
49.829168
40.324119
64.887147
67.044473
95.783946
34.744259
70.503932
92.062950
42.094104
17.543344
3.369154
8.528900
22.146148
31.059697
54.220026
48.623325
30.471861
59.432348
53.067990
65.753798
70.136964
6.882786
91.024713
32.757872
23.100491
94.331815
31.528001
1.597056
89.646092
77.243402
96.101198
0.350289
83.112859
13.454700
52.638409
80.406691
72.102513
71.836914
34.218332
66.616033
14.909417
17.271783
84.684198
80.533253
88.191007
17.748762
1.744088
0.579895
22.515195
85.193385
54.833453
15.432537
53.329451
36.151830
19.363022
56.592970
76.734442
29.267905
63.261588
59.180080
73.906569
97.965370
16.347671
55.671665
75.466621
69.180656
25.256997
27.490828
31.712082
46.667290
63.217167
21.848762
38.319330
65.998056
22.932971
32.282894
33.006303
91.868446
69.502925
58.010561
34.638019
31.605909
83.056857
36.967813
93.816216
93.800844
67.889675
56.150854
85.872040
96.332803
95.643540
44.774894
90.160764
51.724753
51.664696
56.970510
33.896784
45.217979
61.151055
87.240433
96.960579
9.330163
46.192601
65.525558
90.443573
34.060252
88.199866
18.942010
93.102235
95.657425
69.595141
8.659655
7.567166
45.625574
80.280004
23.991378
94.845586
57.749213
90.639236
4.814713
22.751489
98.352758
80.161293
37.732198
91.078511
74.874154
10.272582
38.697824
70.521531
76.539330
91.904205
20.808421
65.845306
36.341262
17.993079
89.750723
29.891536
89.341349
73.346354
33.055054
7.299105
44.923339
44.932750
24.807089
5.704789
33.269106
92.756434
44.595459
34.006080
71.427958
26.370552
28.889938
14.233496
31.992900
75.676445
40.872799
35.866748
19.945801
31.989945
17.971501
77.704142
87.237184
47.227619
1.574035
4.335773
64.510374
81.309792
52.230901
66.371614
24.484953
9.951111
89.845074
72.896081
86.204587
56.308141
59.343807
23.438070
66.349597
13.467769
63.232837
84.500340
85.201571
74.075148
19.548914
93.968793
25.853542
84.072727
9.706331
47.319553
40.808407
75.416889
38.587059
20.131566
52.728756
20.573210
0.674165
58.298768
18.602069
51.153640
24.238582
51.734958
84.966291
44.431311
45.088338
40.000753
57.997813
71.321842
14.280191
44.786036
35.866983
26.975296
16.728361
79.573337
29.620723
63.701254
74.314585
76.111321
53.792549
51.721707
40.172376
61.455666
43.957116
1.252420
27.988615
40.274587
91.725364
25.008982
19.732521
83.927204
85.642235
10.004920
62.565922
42.978807
29.812649
97.043778
57.572682
85.862015
37.943001
99.527778
6.849493
8.926931
3.067332
4.396648
48.595447
92.868865
93.838334
83.626512
84.329504
50.325559
81.652683
67.977045
12.892779
7.064246
28.276735
39.883319
89.847836
22.593136
86.843245
94.298816
83.775047
18.350864
67.703445
43.835336
55.663342
92.110952
35.230526
94.056957
74.876903
57.787587
40.050074
6.440148
59.740779
72.850942
22.740285
41.123970
37.253911
77.730039
75.507863
68.210743
89.660555
23.740461
82.540770
10.856769
69.463660
25.952540
78.960159
3.088311
86.245875
15.532815
12.993408
55.010032
95.994752
97.745528
32.958442
84.462913
71.892175
41.305294
81.595679
76.524071
50.466637
92.940279
5.812583
71.858241
3.991921
73.671617
89.414226
87.923653
9.040740
95.378686
52.446816
0.409963
50.507000
89.965915
75.671114
89.342065
29.189464
11.806596
39.055277
33.380790
10.597871
79.716884
57.912810
87.112141
74.028390
23.347231
26.106223
34.930535
84.999297
33.717069
62.021626
27.034546
28.182576
2.985372
8.656865
90.271905
61.360980
46.107806
11.129979
19.567758
40.517045
98.605361
26.818670
14.305562
98.481339
63.825231
41.379172
85.812167
4.167069
50.692088
12.940085
28.722160
38.601343
58.683487
65.689151
2.683525
51.033238
88.457206
87.752819
31.052239
92.502962
62.221858
43.815569
51.987496
56.729834
47.454336
3.166342
36.872704
70.039544
70.495441
69.149070
1.537902
5.926081
46.395804
99.328713
52.055451
14.853455
96.756652
41.744140
33.608251
70.535988
94.637385
70.495938
60.110831
53.246170
38.128034
68.881244
12.708586
87.175337
59.008179
34.842234
74.067293
80.517514
24.143332
30.902874
56.408691
86.158861
99.207174
39.783058
95.009909
55.186157
84.733233
55.865108
95.347238
45.902080
64.794575
33.765858
58.445336
5.342303
87.983412
83.736534
9.557011
0.810536
13.102146
3.957936
19.262612
25.990111
36.868683
72.841298
33.607342
64.438964
34.156414
87.633190
4.473199
74.058171
61.547116
91.240886
69.347766
71.586098
3.978670
67.937846
82.314792
28.476884
57.244485
68.742996
17.220578
89.882083
69.481417
82.933467
19.298758
89.171260
80.182952
84.605339
82.825243
73.338323
73.271387
60.332885
20.626912
48.774265
62.073722
42.125900
89.355846
93.724666
12.446379
43.635797
15.394255
64.607311
9.815541
16.057979
5.596474
62.669194
7.420449
32.340941
97.150353
23.863742
23.682530
67.144404
3.969659
85.935112
22.208857
52.029539
31.440480
77.186528
51.292946
26.548427
29.869633
52.176910
34.610586
13.223473
11.641369
82.630297
84.674813
92.069694
53.670167
61.879461
85.717784
0.352488
19.968628
30.709657
76.723267
10.959499
56.730904
91.632990
85.705529
28.548437
69.149643
19.172080
6.420197
95.347410
63.839416
34.746716
56.106043
53.479747
29.700224
19.072152
61.859933
22.788875
88.942062
82.174243
8.981992
65.080902
20.590011
27.346254
74.199231
37.846583
19.172778
82.943170
50.035941
87.013421
21.037571
63.898013
21.037296
67.207253
86.755091
12.115756
96.672845
81.434637
5.773222
78.257518
72.420414
28.318191
10.569379
41.550699
34.794987
64.820573
7.609345
34.763645
38.530882
63.722795
63.208513
97.078524
69.949087
66.575827
17.585899
72.622269
68.961416
97.145505
40.156602
86.993372
51.369800
7.679257
45.914186
45.080770
15.304795
21.971104
35.559987
74.197683
2.402051
14.142625
0.069271
98.602489
18.132933
90.374966
30.613643
28.875757
2.791487
23.721192
98.160413
90.666520
39.493721
33.084011
55.810580
51.719604
82.585216
15.973887
81.539991
73.920493
26.172244
95.228524
90.480288
70.282634
98.640202
23.667267
35.157566
48.929886
32.333712
80.190359
97.654437
43.354577
66.514366
55.000123
30.417886
70.003201
57.877581
51.879892
18.886429
78.746928
96.701125
97.770661
40.722124
71.770044
12.804100
85.166903
74.565670
96.746153
46.753148
98.851133
68.565598
75.162068
54.224491
0.726079
70.412537
16.865745
41.562601
69.154330
55.296874
32.206104
62.396538
45.852912
79.401521
92.221168
51.100467
87.602050
66.461868
22.622342
84.044488
30.258289
14.942166
64.420691
50.952881
56.945219
92.925303
5.156421
84.521321
90.604215
57.752069
15.039486
80.344791
4.910855
78.800553
71.196723
33.679491
55.025770
43.784191
2.797517
26.962353
30.815176
29.563239
12.749742
34.288995
86.862399
13.334402
64.424594
87.988606
20.591058
96.356611
50.667767
53.270013
4.546998
19.178551
68.704840
64.062076
41.434375
21.200869
8.218226
46.318369
39.026708
65.852917
49.791973
25.711738
75.738966
18.906233
73.744208
52.556256
68.682661
40.977860
69.813270
44.293053
57.121368
31.920239
31.103124
55.984974
87.822300
7.864962
16.246710
8.152689
68.365070
13.793885
93.326366
72.323330
19.747668
14.219032
88.512607
29.039830
83.072539
74.561493
78.633278
91.894290
14.268521
54.352276
13.149547
78.100383
77.125487
24.877095
93.858777
68.920989
46.607209
55.500984
54.635099
3.421011
62.758640
92.438940
15.251470
70.502658
87.942355
6.333178
54.834617
34.719444
88.083663
5.347061
70.260400
49.580955
4.294504
25.910141
33.344769
22.477986
62.977169
20.440200
9.562789
83.278736
36.899923
12.056528
13.751941
98.793182
14.851806
25.386486
92.499700
26.225699
64.094080
29.169972
10.029292
2.943519
4.050618
85.166360
49.451060
51.336758
80.919945
21.114477
70.772880
37.845594
58.959351
36.599550
57.493894
83.298820
60.594895
35.309846
4.631827
15.542961
62.329766
58.977287
86.027502
39.121359
71.261415
84.506587
89.910673
37.790073
90.290251
63.391565
11.149633
32.748171
33.907960
12.961000
42.901520
77.081435
91.687661
51.325817
56.540994
30.169470
62.488040
35.158491
31.559373
29.988946
97.427497
39.921092
43.699126
59.788562
39.198940
78.765623
36.538772
52.604729
6.902954
22.919152
75.678809
56.062084
20.163304
88.418580
27.706701
61.887085
41.557611
24.120956
18.019409
23.707377
41.343889
94.166716
91.137740
28.098891
62.933070
0.680849
37.506103
21.799879
31.016876
14.287456
69.026635
5.643037
18.438167
88.613353
12.251929
50.387818
32.806862
80.630027
21.115772
70.323651
95.942862
87.591825
94.394339
3.684145
99.140038
41.305681
32.007083
60.762284
72.800831
65.122530
1.176453
11.436863
89.919337
71.473517
45.964775
58.678340
60.216708
82.873400
52.232071
99.737806
73.938852
82.787202
4.323932
44.563748
89.779976
25.254080
77.209781
45.301893
36.052551
52.156567
68.356324
13.826456
57.230223
5.827369
39.225980
61.364761
56.949216
58.701718
9.186895
7.919846
1.075709
13.348384
63.817338
49.154500
36.863117
43.714477
2.247266
40.029894
71.224652
60.676733
84.658640
0.958204
77.111018
47.185876
54.582213
7.295767
40.623364
77.192168
81.529304
21.579283
19.947163
12.019726
39.285147
41.675099
79.720057
13.267346
54.784889
53.453763
27.321841
91.523387
67.742441
84.594172
31.200948
17.313530
12.516055
94.959010
41.326128
86.101778
4.275839
17.760962
27.055576
96.445725
34.769442
15.232979
14.491574
9.362815
74.594889
1.985309
28.752969
75.699367
43.535651
70.617904
17.368154
61.705877
71.914512
47.644294
66.645529
47.347599
5.338140
39.015955
21.879691
17.498881
78.191020
35.382161
25.648009
63.581571
5.767440
36.207802
0.206760
99.149979
90.039464
69.181190
98.122706
30.998622
10.201200
79.926577
27.368136
70.330788
59.921170
79.215436
18.175178
48.056545
73.199969
10.954446
96.488400
31.447973
50.554778
84.181509
4.851787
57.793726
37.542530
46.946734
34.363384
11.513787
73.782020
28.256602
89.331484
10.131138
84.606175
79.868148
97.443449
35.886347
60.646302
64.386489
31.511695
67.280001
91.081695
11.047839
66.232707
79.191187
48.073368
23.140040
26.292875
1.547889
26.976033
95.647532
90.155392
72.156807
51.130886
59.444554
31.388811
18.571310
15.593430
14.089869
91.905935
66.250209
95.165711
57.080406
75.692094
32.063499
63.689044
28.373063
94.986561
13.850623
47.787467
30.812748
23.336967
36.675518
52.215350
91.708271
91.139331
70.703878
45.262017
79.309394
96.879338
93.859002
62.750787
94.048759
76.368588
32.633138
79.834289
85.942532
32.482684
81.429471
10.938763
20.903183
75.666558
58.282256
52.345418
73.825186
21.915179
87.254083
0.814865
84.688784
0.952158
76.530928
83.924148
42.907487
38.717042
28.267211
51.359390
48.451635
58.884875
72.697091
44.231392
87.927223
43.454118
59.684593
87.101497
22.998801
75.319080
21.432256
72.528986
36.511713
85.468051
62.219847
45.525126
51.829506
1.915256
0.959531
48.453378
97.842159
7.385177
4.318030
13.225501
27.228522
92.806033
55.491103
74.693617
2.472630
23.679346
26.246624
75.962141
33.390546
3.162566
97.394956
36.428963
69.800928
29.354235
94.848959
74.368385
32.683769
24.414134
11.543445
87.326165
43.802600
97.169864
37.318688
36.551124
8.834779
61.544823
4.402957
86.556644
29.373549
67.597687
66.379302
23.207408
80.814591
50.795562
53.274957
25.122986
21.681637
43.175687
8.217468
90.212024
43.708072
99.933359
61.663988
69.282639
11.928216
45.537534
90.142575
99.012239
15.105453
83.682916
17.109585
26.649745
7.076653
93.692626
52.620527
97.212226
15.655111
72.237832
58.185032
78.561024
17.726149
97.214728
63.297332
98.010050
76.352462
90.325957
10.681007
66.220055
0.284041
3.294388
40.025257
49.309747
5.928060
78.191707
50.024558
85.897271
85.826149
38.098007
77.700722
6.757105
23.057633
56.214154
86.561714
61.991299
77.741695
96.412671
66.319943
65.644505
86.933068
95.430202
0.479326
77.868986
31.964176
86.582966
67.939214
4.905413
65.804237
17.577156
30.810182
78.558024
95.786769
41.836152
34.764529
19.337154
68.893742
94.183593
65.976805
16.755209
42.197675
18.089083
90.712542
85.538610
21.156417
38.108070
83.476512
20.696148
65.501432
40.839205
39.005559
86.390964
59.152978
39.238287
20.316065
53.966738
68.649961
75.645469
42.522320
7.119072
64.323484
36.725942
5.269093
82.285599
77.636590
62.915533
37.715550
34.278594
95.812764
21.599111
96.884751
28.195701
55.314558
42.963030
1.950071
14.553590
32.894456
47.642714
28.273456
63.438013
44.719540
0.112524
23.992538
6.491065
32.403687
65.382208
39.541819
83.999135
62.072383
14.567488
80.894222
76.663328
64.472662
22.006179
45.265231
30.547772
70.649145
76.277469
92.644913
18.853637
72.848521
81.265028
44.522909
33.162436
47.092686
32.609985
27.385173
92.827768
31.830395
44.726097
86.143657
37.790879
83.142213
28.736361
3.375908
30.089887
42.260109
22.919924
48.533268
13.187130
81.450880
59.761819
83.528397
49.639716
11.370112
95.107803
9.289396
82.796733
56.533235
53.584529
98.018441
5.021566
56.845387
68.152631
43.298069
20.484896
73.255163
15.251319
20.132395
11.201658
67.363446
49.011325
87.244119
27.225754
24.762571
89.233422
46.451641
67.083068
62.124418
36.796392
85.222844
61.303292
2.191565
75.636174
42.303226
86.258088
64.669655
97.399261
13.159100
59.518285
55.674446
7.004950
38.593263
47.600139
43.574670
49.294549
67.430436
9.864551
23.612714
73.253667
81.448605
57.166190
32.292495
45.951619
40.993279
90.515815
97.923258
47.228392
55.441260
14.019603
34.049314
20.155983
61.439628
94.575730
31.760569
57.882808
22.971317
25.579851
0.598984
91.644935
99.061087
72.773386
59.555664
14.709984
96.174611
29.314633
18.681459
82.287356
90.856386
65.729921
97.048923
73.847754
52.801970
32.474961
44.067111
97.401546
56.840189
5.014698
96.596659
29.915363
43.056106
76.630804
4.173915
12.732573
47.021090
28.453995
76.731764
69.811519
8.767376
43.483116
46.254057
16.601555
61.679779
98.572575
85.767325
88.319223
59.479447
84.593822
97.677776
10.209998
44.314182
13.205884
75.210024
33.673834
95.612865
73.817091
55.727707
67.658000
81.500027
10.893647
28.828577
46.631641
99.907394
79.101361
53.128433
76.274891
3.561442
80.608993
72.258405
61.341290
51.349845
59.371185
6.676720
62.916350
93.560183
76.931592
4.186680
87.443864
10.435499
62.704322
41.310892
17.470691
38.324249
76.862544
37.444908
23.760914
34.075749
20.883721
33.684392
90.731831
54.789623
67.119851
57.753972
29.122035
12.375787
98.876134
9.935369
9.831881
14.285892
98.720716
19.399482
35.514807
93.391474
58.936657
79.075412
94.583387
19.572159
87.656458
43.720640
64.882699
6.547371
81.971416
76.027850
49.818477
98.760016
39.752517
5.295826
7.672420
93.239462
8.727909
68.619845
45.611426
8.922732
78.628058
21.854859
68.845631
9.304345
26.076510
86.660526
27.641111
19.730691
54.642420
71.809472
47.258090
69.254256
68.509440
11.071614
48.035907
26.202974
70.351512
21.231756
58.330110
26.059418
69.811793
19.183494
18.059735
8.511318
75.851155
27.281224
39.112704
97.205731
28.144802
55.514584
76.386471
8.846526
28.132818
11.051731
14.939533
59.871590
83.705183
88.413552
45.995696
52.147972
73.235218
1.619356
44.500968
57.479728
99.525329
67.273757
19.670270
69.911588
17.051008
54.005172
70.427837
47.314226
14.723415
50.818602
98.157335
99.397154
18.598364
45.425602
91.721435
7.082685
82.048396
88.046448
40.325578
30.297295
5.915116
81.221018
3.603947
22.038286
17.149028
79.271441
12.876804
97.935767
56.541824
78.878612
29.399366
31.768909
50.000195
0.176131
49.726275
93.186445
66.473587
47.311682
33.873127
69.532193
88.370525
74.442321
28.183889
63.604284
43.135759
12.185849
82.708518
98.574572
20.945759
62.951824
89.460456
83.251175
87.693740
77.736980
47.122011
14.244698
28.546993
30.501942
71.620887
72.611049
28.027880
51.600896
18.089926
18.104870
6.423283
53.767919
0.863810
19.295440
23.213734
93.571912
88.555268
54.937098
0.318298
60.414883
97.979240
85.128948
60.286696
37.563717
90.518326
63.570337
88.820109
6.961197
1.558082
92.258022
65.976896
27.431538
67.623955
42.167505
35.621652
97.698292
85.011214
52.295546
6.028753
81.985587
29.007163
8.099897
22.298824
78.647003
13.524573
42.766009
84.286497
79.960909
10.414425
22.378655
53.763454
1.944761
75.908430
65.249768
58.777689
38.144272
42.628946
13.975733
91.644554
69.498642
82.572207
81.795944
71.644125
58.710319
8.776572
3.257518
6.390057
66.313828
38.316061
42.236970
11.845153
96.840436
57.049381
50.403130
95.154937
44.940647
64.360078
95.260006
32.556698
84.493536
81.397940
63.741298
76.399373
8.147555
14.339045
0.193013
83.392205
20.714018
34.442424
87.927117
42.319984
24.384933
33.025240
70.613102
33.584210
71.834373
43.277552
62.394497
50.117251
76.905579
52.351640
28.067376
9.776230
95.913696
21.440858
57.900788
55.828432
46.220589
51.971622
28.298275
78.676621
48.316771
86.153451
37.477986
75.847947
17.593956
33.215337
31.723250
83.538220
0.348374
4.186765
28.739095
59.355497
78.508938
24.931344
67.489563
67.361585
93.028213
25.290742
59.876677
83.695167
15.231993
76.334979
96.937131
84.023648
20.144269
53.312981
16.955796
27.210901
24.700297
28.827899
57.149007
34.704963
60.235571
16.700590
75.160786
90.460131
54.006922
1.344678
49.294097
65.141346
87.701767
39.750317
13.664834
70.798803
66.430443
33.650538
40.866372
48.517489
2.196129
70.752677
90.271522
97.809310
25.093361
86.221345
89.801907
10.538452
81.472371
72.054211
82.124661
92.131967
29.104479
39.020338
29.212581
0.904420
80.504518
75.528814
55.734542
20.114198
43.155168
29.920787
43.376172
71.924080
67.958962
25.680167
45.239321
13.046097
28.862723
32.930589
99.607853
68.672658
12.896674
10.953421
68.357818
99.054585
75.430369
81.635602
82.885330
67.844424
3.897376
50.025345
56.856896
81.945067
15.263664
2.307782
28.212808
33.293334
71.911906
6.876405
62.701375
24.136087
0.250828
22.583757
83.327334
19.617718
43.445153
66.045428
20.022270
86.113253
15.297934
80.504163
11.305115
21.493861
52.855393
8.609713
9.996705
69.846189
2.615162
73.828127
19.827220
75.786106
51.236142
47.911389
5.563772
55.496139
51.067956
52.360664
66.370869
44.473778
88.978915
85.125806
62.891566
40.618074
46.731469
78.129385
38.280564
13.954694
34.807635
73.467906
70.379303
68.213560
15.699221
58.201622
9.092708
98.183570
99.804379
77.097998
62.148218
1.521017
11.918473
59.919271
16.265034
18.827109
80.006164
44.754432
70.693688
88.758987
52.747281
79.307414
6.725099
62.060662
95.623575
52.045790
36.452249
5.808826
59.560933
10.634011
19.815822
99.748047
14.778725
21.931275
82.468697
41.524485
75.717708
95.417897
12.285916
98.126786
44.522395
33.866428
68.098878
86.621256
37.695435
19.961564
60.257931
33.492271
78.253903
20.744037
43.317022
84.805260
78.071414
96.498301
31.044665
81.015305
84.457331
90.650814
6.687863
57.371356
36.484131
96.130658
64.499654
89.687755
19.692287
84.424470
63.551249
75.613241
5.110198
91.648682
21.485900
68.806816
96.909333
11.873762
20.918699
71.898279
0.774475
75.417185
11.906715
13.619391
90.665661
93.187473
11.262604
42.122715
60.619244
58.641888
39.810074
73.195894
26.913613
95.851783
58.381197
1.157864
93.106430
84.212281
59.824962
62.927255
46.499134
53.475586
27.166009
64.309720
84.837872
59.795600
65.642192
15.007842
64.894026
0.409757
13.593679
55.778491
67.753616
24.048279
51.803380
17.419578
88.159934
57.674958
33.536154
82.960245
95.440215
5.767737
2.250716
40.327156
55.367415
1.756115
78.245033
96.632499
78.574705
52.790362
73.345312
8.340594
59.310796
16.603949
27.989171
13.169294
73.297583
88.887739
73.779327
94.221400
14.944859
82.902536
22.578676
42.854767
33.914380
79.964599
20.826400
39.111777
59.495037
47.996744
29.920939
25.429990
95.891668
64.074657
85.814394
18.679131
47.874734
20.310808
36.856541
77.352282
12.139885
10.754849
10.837242
32.443269
23.126983
84.039294
20.741286
49.982928
82.619317
71.584490
25.437628
85.421919
26.593286
34.018411
93.889865
49.957948
70.924988
8.737061
22.629065
41.922404
29.196055
38.192062
73.016934
97.617154
42.769957
48.274097
54.037644
50.595312
76.824262
29.404970
48.557958
80.796672
64.657813
72.077322
87.872103
39.309776
83.478473
8.539835
75.251013
67.387147
74.037039
52.221593
8.474276
62.654126
72.901650
52.946629
83.079541
4.802693
40.717307
14.692848
55.957875
42.886252
4.455452
22.762771
12.361501
0.050512
58.056819
13.587881
20.318685
37.026007
29.545358
97.591536
69.333449
9.465803
29.948848
70.088708
77.079225
79.057845
38.573216
4.736527
56.618144
3.399241
38.701090
43.706667
68.371248
73.082714
13.366273
81.188634
79.467264
45.353378
13.249143
5.589410
22.409371
6.013125
82.976710
53.624973
81.952572
5.300848
66.830000
55.590387
68.291464
3.510173
19.999722
16.607550
39.317190
36.993368
25.717332
14.434537
38.266182
87.622727
6.694626
61.461714
93.257303
79.360934
76.431786
19.152832
37.548865
81.644817
3.332616
25.741674
65.141251
37.073552
14.947736
83.093734
4.481808
45.179191
91.798221
80.459880
9.172954
40.409796
87.095302
63.909147
27.931930
54.628882
58.821961
85.137922
50.179386
28.640659
12.252415
11.256431
21.413543
5.025039
18.063368
25.404086
94.683631
28.544057
61.465194
13.128744
62.342500
5.470823
54.099182
44.388922
88.620885
59.068329
67.623306
32.583179
54.405950
11.292418
66.492995
15.725036
48.212006
67.523934
77.927225
96.344434
87.383515
97.129986
80.449583
41.051414
55.929865
61.543279
93.230076
65.085759
13.388118
7.342661
94.017534
74.567168
62.396586
81.296507
76.819618
12.022863
48.488418
19.033483
61.302683
38.646768
52.470250
64.260848
24.917322
68.970907
26.180567
85.017181
15.643272
83.739759
65.397923
72.594023
66.897888
85.759097
9.418196
75.271970
1.067470
92.054748
27.896311
65.154072
78.799017
27.656557
24.298371
2.474894
60.730630
77.270576
98.896341
13.082136
94.060689
94.131723
65.707874
96.262027
98.224633
67.758846
66.686707
76.306203
6.475093
94.750974
13.260337
66.573498
51.809534
32.721318
14.234631
57.572857
76.545280
77.026138
23.853249
51.267065
24.083288
20.656847
38.740366
31.161255
88.096026
73.213875
19.049402
93.746328
64.026151
94.806138
8.949890
66.893453
91.002555
92.660450
56.067584
25.859548
21.335610
33.446047
42.676607
44.030213
90.350007
6.125689
4.501175
14.670111
66.502526
47.554763
64.923731
12.795511
76.877906
42.762896
12.611274
71.492755
3.622692
86.625864
49.686165
13.519797
32.757506
90.124964
93.004553
85.877605
55.476132
80.372741
77.044431
8.194082
6.357019
0.918827
45.644860
57.551072
66.146820
86.700888
37.182928
41.376155
64.361260
29.694997
79.756804
59.029195
8.519876
75.118657
49.350178
25.458200
43.609167
41.329658
55.627117
6.258340
38.009367
62.347070
24.124841
11.667668
60.354992
51.043030
20.374534
35.427934
7.623037
73.053237
69.784089
61.598508
63.935595
88.825915
97.443164
65.425488
26.313747
25.745272
91.007066
20.588324
25.337214
89.190518
6.224035
36.975364
62.732973
53.137039
30.693390
21.125983
98.308778
77.973087
71.645596
74.223980
18.253793
43.691503
27.211905
54.593754
4.302594
3.755125
59.517985
80.517354
47.593327
34.480075
64.591343
48.796783
47.638512
30.543594
59.032560
3.067422
77.008777
3.258504
14.317278
43.948826
91.013569
5.739328
82.806166
53.980666
19.181972
17.269453
4.721647
42.389275
41.802659
84.696644
0.011756
71.172538
33.052439
79.812956
26.472364
36.597796
73.464648
34.045580
87.803156
85.617772
91.593834
32.002428
56.251860
95.835295
32.088051
16.144554
21.147738
1.144858
93.773730
53.758322
53.990596
62.859039
90.592301
59.299942
73.271206
32.656000
14.299490
1.191843
20.124750
29.505988
69.523059
27.658276
27.968309
83.247648
2.341773
47.224047
8.652339
95.383304
42.361030
17.651747
61.986591
23.198099
29.233453
73.332788
87.592832
24.609002
7.186446
5.885152
13.315446
60.200940
5.818820
16.275951
95.235653
4.775963
17.803480
87.293598
4.561688
82.133514
92.943497
64.144976
8.417201
66.065343
72.809869
28.278865
94.960688
75.011980
50.911414
58.971162
75.459205
90.974415
12.537716
50.064696
87.356179
23.370761
81.416810
51.953372
78.515982
8.494727
7.031104
0.242182
94.020281
11.768641
13.556661
45.549473
4.402625
91.833319
14.526469
9.104132
13.689117
64.179422
33.571485
82.038557
52.715432
79.504063
45.372593
49.279289
64.190277
89.875627
51.042707
62.960174
15.297082
42.488612
20.357080
98.260463
1.806337
78.402732
92.380452
20.318448
94.929736
22.397198
78.226015
92.111503
45.353255
33.769351
26.025465
92.036236
1.822809
20.622886
18.410250
53.212126
29.727058
34.405518
29.775113
99.303657
90.414105
21.511932
43.961687
82.616092
68.067501
73.782804
54.521204
29.338407
55.205988
93.277286
97.922220
47.625853
18.598756
65.981288
27.701386
67.055975
73.051651
96.974240
60.013935
9.983652
9.630312
7.166743
67.544030
2.628043
84.121081
4.625141
0.364640
13.766305
99.642726
29.646556
97.601234
46.565209
99.897053
30.494087
82.739407
71.794122
59.970085
91.284227
49.242355
81.512132
37.952353
75.584379
29.107518
85.547958
86.707648
27.627966
79.456286
33.233989
84.793571
3.306434
99.693155
87.855815
40.814988
95.623635
36.190791
35.775851
47.858323
52.374397
1.153759
95.159060
64.115658
74.305608
31.969174
3.605777
63.208375
60.850790
53.747316
3.667979
25.103829
79.826026
32.316189
16.614946
53.655968
6.468787
39.855117
85.925264
17.429152
39.708463
98.784825
36.939718
37.230832
22.505694
30.277871
62.901223
20.070681
4.374984
86.148373
60.466239
43.431665
0.287343
71.459636
27.451422
54.068712
77.484980
3.415172
95.848053
81.930996
21.572657
33.564099
15.229707
87.337715
27.889183
45.424435
85.712671
15.466916
4.875907
1.117463
22.605655
66.856510
28.433482
14.525482
66.091004
12.176872
91.863398
10.289264
54.923549
49.502279
33.498385
57.276823
98.811269
64.428948
44.114834
57.535748
5.470446
58.410315
66.978055
66.866560
93.201752
45.855791
18.484547
13.210302
49.477347
22.407889
23.909488
6.143449
99.586095
12.004279
50.486459
39.205498
57.905097
28.823124
25.511731
31.022867
3.711486
61.644772
0.912867
4.170814
45.587152
65.516463
19.867549
25.182429
28.771835
79.863564
54.408138
95.292137
32.145847
37.569035
5.772651
0.160140
69.142506
77.385610
78.918413
59.145694
92.120917
0.465592
19.035506
48.897179
41.340145
78.665238
65.809009
30.086673
86.379497
56.601278
17.632342
40.429571
55.114710
55.480906
1.008385
53.190309
82.210518
84.068534
93.035480
90.627585
72.779193
98.307407
25.986856
13.527201
23.577089
17.256712
4.411752
57.193738
36.851336
5.719321
4.958360
92.626800
70.112039
57.920240
64.984042
96.381162
81.115717
88.371979
7.562247
47.082064
68.007071
25.655638
68.379121
43.638825
66.021329
30.201574
55.901282
64.974517
55.000570
76.965335
38.112856
53.688144
64.526093
47.024083
1.329456
10.795811
14.755452
94.974678
19.245542
66.991575
79.774627
76.532401
48.851244
20.308129
73.432446
89.555191
20.458671
67.731330
84.312059
13.826028
88.221298
92.314928
99.921874
99.870030
87.423213
60.471856
61.227096
56.570137
61.478269
11.287486
41.204977
43.783095
53.560884
16.356671
67.422493
92.042637
63.652793
35.427327
16.986002
98.602411
59.453622
16.770238
73.207239
96.078052
41.009653
65.804127
74.138755
22.731621
85.856355
97.694346
64.613523
94.688394
12.652840
7.521664
41.106622
56.993251
79.686587
61.877274
13.050775
43.043887
12.589185
76.920496
13.052702
18.452914
93.594783
33.802252
40.652434
82.671126
21.996806
6.032950
25.512118
28.436642
20.232294
53.331047
74.042818
52.015072
26.218786
33.153616
12.207637
77.476313
47.976544
77.004259
70.351080
49.071319
35.820505
81.875024
67.962142
89.371439
9.912153
75.915639
65.879025
25.721083
21.237921
15.687601
36.431750
31.970276
94.028237
63.513039
70.169725
89.378379
39.164858
19.937452
32.377177
43.074199
82.557011
49.521389
99.513055
65.033011
63.626694
20.890945
53.551512
93.631418
13.395365
74.013122
79.772626
56.104950
0.921512
43.447482
91.472984
11.794081
12.434356
45.560701
63.234711
13.294417
24.770281
68.006450
83.486273
73.212445
65.762683
27.810920
37.390213
59.114428
53.834546
94.779953
95.921295
45.125949
37.945951
37.256735
60.112757
71.897272
57.294548
22.962657
37.684696
52.730557
4.681152
57.779045
69.379618
43.153833
58.954213
3.191749
61.626364
99.012234
37.735010
4.511762
88.388861
15.402597
8.336755
35.711111
19.046699
55.422837
30.842451
10.043025
30.613336
23.298039
16.489318
39.168523
94.757744
51.576754
57.347324
38.305831
37.509381
85.737019
5.477812
81.020357
54.614091
19.136179
29.546567
75.390798
35.628559
95.029497
61.507203
70.381446
89.739907
38.168213
71.504812
24.299273
55.871020
89.516560
28.915593
48.846610
5.406153
79.049534
6.218946
21.623354
40.240112
12.287182
54.303049
44.514442
19.690496
22.441183
90.917174
27.742326
78.729772
30.323455
78.547931
25.541178
12.428794
27.459643
67.969973
14.772878
40.386933
21.162548
14.270926
13.268234
68.607688
5.825728
38.898499
95.039300
66.751944
54.361246
92.579141
74.105224
79.969274
36.903035
24.252168
47.267821
66.557862
88.178102
26.338923
86.373370
28.260127
39.703839
65.210565
7.645356
98.491195
26.381048
74.095429
60.987708
66.328480
70.033707
20.553607
43.805000
86.049997
8.804573
49.129707
49.147833
40.707699
96.522885
49.142895
93.833005
1.117552
66.871088
30.211286
34.249021
73.482741
8.853994
92.863190
27.613669
54.500773
31.802981
54.037902
1.125875
74.322336
37.876339
27.136236
3.744607
33.120876
3.183259
80.514411
36.882252
47.963149
7.590494
36.766989
57.021373
31.542710
38.480246
76.397352
2.455032
6.363289
83.024545
95.885619
93.231392
71.257814
56.380279
61.599045
29.523493
64.073123
88.297242
38.485940
94.588163
72.055823
24.886488
28.292207
75.592490
42.484071
4.266494
82.400279
45.031392
82.954586
12.981039
84.220141
41.434551
95.146610
36.096036
67.226212
94.712585
21.934244
40.618407
16.226249
81.572251
94.817012
32.587827
25.007839
51.821889
54.998466
88.656449
11.311141
68.429396
13.665808
46.727949
53.177392
4.538080
80.716285
44.483894
4.274222
79.744588
38.092075
86.869287
81.516822
23.586897
57.626777
74.641774
67.435086
64.089971
70.313391
83.703976
20.047091
15.921209
27.387277
35.493011
0.679246
0.017187
87.116305
73.650911
67.776523
88.252585
37.245212
29.395751
39.967852
54.440137
55.390345
65.458626
70.608764
38.661385
52.873977
77.132841
0.690587
0.645250
69.378729
12.879383
96.059672
41.695515
88.977182
54.280710
86.917288
56.285275
5.747911
86.418017
71.214660
61.596994
84.773449
93.610388
90.074955
73.644242
40.525836
46.726809
87.223555
8.924717
28.267124
37.416782
2.900804
59.590474
66.867776
36.033077
5.341938
17.789092
49.213137
22.233568
28.442017
86.279761
12.972958
28.216463
99.322135
39.955012
38.361342
82.368048
5.336407
67.487718
43.423162
97.764364
73.461229
87.098762
90.633944
68.061227
13.964370
82.821911
43.102451
78.199476
1.676366
62.329658
40.348173
93.470225
30.438084
52.905905
3.778606
92.710771
74.331207
59.328620
49.896153
34.240338
68.357425
87.840246
69.558477
21.256111
56.628041
44.754990
42.062918
90.554710
21.007247
73.597555
99.571587
99.644581
29.264512
45.527422
62.097141
76.254830
29.795379
98.732213
94.712857
6.759722
84.102077
99.252111
29.147083
53.295195
35.823586
64.668598
87.819062
1.229596
85.806049
70.419792
52.632010
98.678812
58.920180
86.085092
84.388414
72.747972
52.745270
16.792481
59.569425
38.915917
37.659565
39.470016
69.081270
0.413784
19.524595
99.140322
6.076365
78.808809
93.909358
3.492465
14.381926
64.958855
36.062346
11.456595
28.037649
36.490336
73.005334
69.174806
18.112227
77.349980
39.708413
18.938793
7.480199
35.984795
70.271467
80.685572
53.067831
73.262410
15.475026
82.104604
72.324343
4.274099
42.668746
33.872434
55.261888
79.087259
99.235546
56.616371
5.540546
53.214626
55.546071
1.981554
42.905786
9.592850
99.802544
32.945739
32.684772
48.824711
80.327251
13.065528
79.787550
42.074581
86.963944
64.275551
72.022186
53.051539
94.391033
11.979736
95.197978
45.874563
12.358393
16.243398
29.652433
47.586593
31.950488
14.159951
63.196666
36.726933
11.704557
15.917216
63.585823
63.906591
81.568831
25.909902
1.888431
61.370470
45.140811
98.778440
38.859606
34.724664
94.279574
58.120747
98.322566
51.689465
1.638507
68.681895
47.278517
39.674542
16.168140
34.838099
17.265767
80.155633
12.964366
44.300242
69.757101
56.402305
38.910273
19.427649
22.754969
58.271029
19.333388
94.151191
21.685516
53.718680
69.110608
69.714696
26.067332
51.548138
54.469792
53.934241
48.244830
29.118467
17.710837
72.174763
59.769727
89.652509
57.025440
5.252509
83.132782
48.593453
92.043617
15.359714
8.375061
94.071755
3.195129
42.335963
26.698849
94.932733
55.450507
95.465493
15.283999
77.987565
63.921231
83.969375
7.648300
97.348132
43.179075
65.049260
4.871304
31.018751
4.352628
90.987114
43.786508
98.605972
81.657725
78.665789
29.497711
22.123254
69.734572
42.010855
82.411694
41.178979
29.566100
88.656548
31.532008
22.390590
31.199906
58.805073
25.589510
54.555613
51.991592
94.621023
25.772891
40.654733
76.303909
25.936461
62.762828
0.671632
32.130703
66.579153
9.768401
80.355721
13.357872
49.839839
46.591829
75.859042
33.618848
93.788676
88.438472
66.242563
71.152705
33.395224
58.727632
30.985609
31.683039
36.251626
52.962867
76.319225
14.247868
34.526827
88.445642
5.678876
26.610907
73.759045
5.105818
68.648951
88.929787
84.908929
26.493665
2.835101
26.519280
21.884492
43.749112
16.909869
48.951262
54.674297
19.863509
71.754415
91.377055
82.026461
51.283451
21.200445
91.946434
81.787878
29.102960
87.600440
21.557084
72.258412
90.667621
50.135667
84.918243
89.169278
36.107461
49.625916
77.164235
13.028769
53.048117
61.247881
60.203308
33.461920
99.015857
35.673274
70.149563
96.726472
20.353880
4.199396
16.091203
51.027453
70.410217
32.480831
80.806173
17.316071
20.777025
52.992579
67.503810
61.096438
93.457418
9.813691
12.413172
28.764491
39.918837
67.811753
7.028181
90.296661
98.984014
49.732468
18.063184
41.088100
60.671082
13.564226
4.865073
9.773796
73.459987
28.650255
23.095180
84.113407
34.212943
90.768075
48.364535
36.337005
41.838886
10.861077
58.077489
95.614414
90.165606
47.779940
72.991424
13.123016
34.951050
6.961650
5.285674
85.437902
0.558683
84.033560
99.020500
59.048845
66.041372
40.489564
9.572119
19.917669
51.165524
36.731120
16.758031
19.255364
34.678657
85.689590
32.451442
74.090775
6.402970
8.853302
34.675480
70.452766
91.804411
10.923451
7.513010
59.459935
66.666888
26.209660
6.948739
81.340207
58.122628
52.534333
42.025842
45.002596
70.800880
23.853527
65.626727
52.091718
36.528208
12.775391
44.583014
62.712937
74.344554
41.722876
83.288289
92.679444
8.885374
70.611861
82.604853
76.806228
16.326507
52.064547
24.654137
38.771013
44.463425
27.155722
96.999235
59.821197
27.557026
86.027898
88.555493
56.522128
43.842141
4.799748
60.653279
62.563126
99.401385
40.854707
82.295146
72.570728
13.091679
26.509703
32.476834
72.813874
61.355055
75.944049
40.227718
32.215781
92.615576
3.984103
37.992845
15.965929
2.197203
66.455023
82.623877
9.091100
94.285074
64.293974
46.142322
8.689396
80.491707
34.930622
9.558347
47.688546
5.312927
4.306344
1.516250
0.539415
18.560744
40.728788
73.974031
47.594810
79.488154
35.070143
0.664115
98.560372
22.617910
54.782231
75.170300
79.389019
45.402865
42.189362
89.466048
24.792725
29.192319
54.841679
34.240563
3.659823
79.179208
53.591182
82.035491
85.764486
80.513197
84.337260
26.270284
39.747680
0.402225
53.069050
70.319717
9.941649
12.114295
25.455929
88.197584
55.813516
24.659046
88.160885
10.256760
69.079997
79.601282
92.137365
62.598171
2.835113
25.546578
39.112768
41.597740
51.616622
39.187950
99.606004
39.450325
52.262286
42.434390
46.653802
61.357995
71.500963
37.412473
12.313209
19.897550
48.853783
66.126023
23.586703
94.399123
6.391758
81.318929
69.423228
43.788901
20.939124
89.138679
23.349000
73.764134
41.454023
50.608003
56.437084
54.289484
89.306212
94.291011
48.873262
22.930585
93.474237
88.256823
91.381472
77.940860
25.233262
57.084635
3.856588
73.736933
44.772569
56.607769
62.924873
19.613260
57.240605
80.968523
50.312865
11.771828
51.969564
77.806941
0.194723
84.831725
87.216832
42.699142
87.684573
47.522161
73.860831
20.005947
30.547209
69.957358
4.663984
40.400858
71.160057
48.652420
84.185352
98.820495
75.115936
49.160006
34.577734
64.198356
54.072219
55.906611
28.370869
71.484008
23.894958
39.442731
29.542098
85.522981
96.458434
68.840616
78.943728
69.105362
37.283474
58.736975
84.653142
72.403044
10.647793
59.297811
5.988707
87.928639
44.208031
47.258591
2.078440
91.964531
67.882920
38.786884
42.944397
50.387394
63.197275
37.758584
48.781641
52.020095
71.676430
92.438704
48.683917
25.648865
24.460928
32.832752
80.724519
31.189163
8.382115
50.787389
92.499454
15.288148
13.884605
41.859571
60.886539
6.304763
98.739924
57.761506
41.627313
10.209358
51.581120
69.116718
8.534805
8.560144
65.563014
16.699707
89.951810
2.410037
59.988818
55.513544
41.987161
22.588904
69.213328
93.479104
0.158223
82.014218
76.642246
23.926683
62.887608
53.474075
28.738620
86.631031
90.354079
14.499517
64.932314
2.803643
73.798450
34.935642
41.057548
3.712622
39.369269
78.745641
29.942689
65.602098
91.364452
23.174269
90.856808
2.652397
39.884305
6.335152
40.088461
4.406810
91.596392
70.392408
86.303309
90.574939
69.238973
67.312203
87.316936
26.628290
81.288030
98.020611
55.399952
26.987425
99.369918
7.659770
69.892891
48.607852
2.572020
6.972737
81.790248
93.122169
70.748596
90.031083
98.109045
60.841824
51.603452
57.653435
56.614947
40.817118
17.540007
46.542339
75.010163
56.283620
21.638044
6.855047
25.382353
85.080223
77.289476
59.862204
50.281484
11.069516
92.853904
86.552450
4.449801
70.084946
58.523406
57.915579
29.490095
50.803740
96.320674
77.883722
65.428165
28.305150
66.337039
0.806632
76.097345
77.901026
92.747763
92.614853
77.035915
58.076017
10.389817
74.414478
89.918500
3.265942
49.743648
61.415868
17.131350
39.516635
93.077337
41.048280
72.178031
35.625447
79.122217
63.599201
2.046856
84.567428
80.457995
33.141221
69.619920
90.079220
67.169062
52.153142
74.084505
99.687936
96.947175
0.314672
60.681869
33.478737
85.765722
69.074196
83.641327
17.988314
59.779659
0.438820
4.079099
4.332290
19.261943
44.054309
31.800431
45.175022
50.829023
19.158165
34.304043
49.151660
16.475116
66.496035
47.523301
49.459538
43.794389
99.462474
56.890853
43.884579
27.869415
46.235353
66.293456
2.427028
71.490147
21.040459
84.788246
67.449469
37.432227
66.136239
26.528644
28.651456
31.155408
86.905018
4.244681
26.510115
97.911767
31.356395
80.247028
69.496849
99.315891
69.231313
79.995258
5.353578
36.750153
74.613002
19.681830
94.441791
2.542445
6.085558
15.227644
9.809033
21.613178
95.811720
59.842586
82.564968
31.043332
65.400569
11.523192
99.755045
8.375490
77.272203
20.780213
10.433082
39.839246
84.945929
69.875863
92.490637
55.335603
33.638124
10.962874
50.489339
59.834317
37.403981
19.094512
89.643964
21.958044
51.213181
85.889943
7.435331
72.307337
64.791008
2.010380
86.206306
36.475941
28.581848
57.548764
20.677788
36.458381
28.798523
61.858802
55.535298
0.487589
54.807623
67.155873
99.060076
34.341194
42.084029
34.575773
30.702491
67.905835
12.760984
26.826380
